This file contains first (temporary) numbers of cutting cycles for dairy and beef hay, based on latitude.  R.Allen 4/1/08						
ET Cell ID	ET Cell Name	Lat	Number Dairy	Number Beef	null	null
1	1	  44.8135	3	3
10	10	  44.7425	3	3
100	100	  44.9780	3	3
1000	1000	  44.6875	3	3
1001	1001	  44.6838	3	3
1002	1002	  44.6833	3	3
1003	1003	  44.6852	3	3
1004	1004	  44.6871	3	3
1005	1005	  44.6817	3	3
1006	1006	  44.6869	3	3
1007	1007	  44.6981	3	3
1008	1008	  44.6861	3	3
1009	1009	  44.6926	3	3
101	101	  44.9772	3	3
1010	1010	  44.6995	3	3
1011	1011	  44.6963	3	3
1012	1012	  44.6972	3	3
1013	1013	  44.6961	3	3
1014	1014	  44.6891	3	3
1015	1015	  44.6999	3	3
1016	1016	  44.6982	3	3
1017	1017	  44.6965	3	3
1018	1018	  44.7005	3	3
1019	1019	  44.6975	3	3
102	102	  44.9761	3	3
1020	1020	  44.6993	3	3
1021	1021	  44.7005	3	3
1022	1022	  44.6957	3	3
1023	1023	  44.6957	3	3
1024	1024	  44.6903	3	3
1025	1025	  44.6977	3	3
1026	1026	  44.6949	3	3
1027	1027	  44.6962	3	3
1028	1028	  44.6943	3	3
1029	1029	  44.6976	3	3
103	103	  44.9778	3	3
1030	1030	  44.6961	3	3
1031	1031	  44.6975	3	3
1032	1032	  44.6960	3	3
1033	1033	  44.6935	3	3
1034	1034	  44.6944	3	3
1035	1035	  44.6916	3	3
1036	1036	  44.6961	3	3
1037	1037	  44.6928	3	3
1038	1038	  44.6955	3	3
1039	1039	  44.6932	3	3
104	104	  44.9822	3	3
1040	1040	  44.6900	3	3
1041	1041	  44.6940	3	3
1042	1042	  44.6973	3	3
1043	1043	  44.6954	3	3
1044	1044	  44.6914	3	3
1045	1045	  44.6873	3	3
1046	1046	  44.6924	3	3
1047	1047	  44.6937	3	3
1048	1048	  44.6914	3	3
1049	1049	  44.6916	3	3
105	105	  44.9770	3	3
1050	1050	  44.6958	3	3
1051	1051	  44.6887	3	3
1052	1052	  44.6886	3	3
1053	1053	  44.6949	3	3
1054	1054	  44.6944	3	3
1055	1055	  44.6909	3	3
1056	1056	  44.6904	3	3
1057	1057	  44.6897	3	3
1058	1058	  44.6911	3	3
1059	1059	  44.6876	3	3
106	106	  44.9764	3	3
1060	1060	  44.6866	3	3
1061	1061	  44.6858	3	3
1062	1062	  44.6899	3	3
1063	1063	  44.6844	3	3
1064	1064	  44.6874	3	3
1065	1065	  44.6895	3	3
1066	1066	  44.6871	3	3
1067	1067	  44.6906	3	3
1068	1068	  44.6793	3	3
1069	1069	  44.6855	3	3
107	107	  44.9710	3	3
1070	1070	  44.6844	3	3
1071	1071	  44.6829	3	3
1072	1072	  44.6849	3	3
1073	1073	  44.6793	3	3
1074	1074	  44.6817	3	3
1075	1075	  44.6859	3	3
1076	1076	  44.6834	3	3
1077	1077	  44.6799	3	3
1078	1078	  44.6812	3	3
1079	1079	  44.6819	3	3
108	108	  44.9762	3	3
1080	1080	  44.6804	3	3
1081	1081	  44.6827	3	3
1082	1082	  44.6809	3	3
1083	1083	  44.6806	3	3
1084	1084	  44.6799	3	3
1085	1085	  44.6797	3	3
1086	1086	  44.6811	3	3
1087	1087	  44.6825	3	3
1088	1088	  44.6820	3	3
1089	1089	  44.6770	3	3
109	109	  44.9776	3	3
1090	1090	  44.6809	3	3
1091	1091	  44.6772	3	3
1092	1092	  44.6787	3	3
1093	1093	  44.6822	3	3
1094	1094	  44.6799	3	3
1095	1095	  44.6762	3	3
1096	1096	  44.6754	3	3
1097	1097	  44.6781	3	3
1098	1098	  44.6814	3	3
1099	1099	  44.6784	3	3
11	11	  44.7421	3	3
110	110	  44.9786	3	3
1100	1100	  44.6796	3	3
1101	1101	  44.6782	3	3
1102	1102	  44.6783	3	3
1103	1103	  44.6779	3	3
1104	1104	  44.6776	3	3
1105	1105	  44.6791	3	3
1106	1106	  44.6784	3	3
1107	1107	  44.6746	3	3
1108	1108	  44.6717	3	3
1109	1109	  44.6805	3	3
111	111	  44.9767	3	3
1110	1110	  44.6736	3	3
1111	1111	  44.6776	3	3
1112	1112	  44.6773	3	3
1113	1113	  44.6712	3	3
1114	1114	  44.6731	3	3
1115	1115	  44.6752	3	3
1116	1116	  44.6740	3	3
1117	1117	  44.6742	3	3
1118	1118	  44.6750	3	3
1119	1119	  44.6758	3	3
112	112	  44.9753	3	3
1120	1120	  44.6735	3	3
1121	1121	  44.6737	3	3
1122	1122	  44.6717	3	3
1123	1123	  44.6735	3	3
1124	1124	  44.6746	3	3
1125	1125	  44.6735	3	3
1126	1126	  44.6681	3	3
1127	1127	  44.6746	3	3
1128	1128	  44.6728	3	3
1129	1129	  44.6732	3	3
113	113	  44.9728	3	3
1130	1130	  44.6731	3	3
1131	1131	  44.6716	3	3
1132	1132	  44.6736	3	3
1133	1133	  44.6683	3	3
1134	1134	  44.6699	3	3
1135	1135	  44.6690	3	3
1136	1136	  44.6681	3	3
1137	1137	  44.6705	3	3
1138	1138	  44.6714	3	3
1139	1139	  44.6720	3	3
114	114	  44.9748	3	3
1140	1140	  44.6731	3	3
1141	1141	  44.6748	3	3
1142	1142	  44.6672	3	3
1143	1143	  44.6727	3	3
1144	1144	  44.6720	3	3
1145	1145	  44.6712	3	3
1146	1146	  44.6703	3	3
1147	1147	  44.6690	3	3
1148	1148	  44.6712	3	3
1149	1149	  44.6706	3	3
115	115	  44.6344	3	3
1150	1150	  44.6678	3	3
1151	1151	  44.6695	3	3
1152	1152	  44.6664	3	3
1153	1153	  44.6701	3	3
1154	1154	  44.6680	3	3
1155	1155	  44.6621	3	3
1156	1156	  44.6671	3	3
1157	1157	  44.6687	3	3
1158	1158	  44.6681	3	3
1159	1159	  44.6655	3	3
116	116	  44.6403	3	3
1160	1160	  44.6687	3	3
1161	1161	  44.6691	3	3
1162	1162	  44.6647	3	3
1163	1163	  44.6603	3	3
1164	1164	  44.6681	3	3
1165	1165	  44.6649	3	3
1166	1166	  44.6662	3	3
1167	1167	  44.6656	3	3
1168	1168	  44.6689	3	3
1169	1169	  44.6662	3	3
117	117	  44.6401	3	3
1170	1170	  44.6667	3	3
1171	1171	  44.6671	3	3
1172	1172	  44.6653	3	3
1173	1173	  44.6678	3	3
1174	1174	  44.6641	3	3
1175	1175	  44.6655	3	3
1176	1176	  44.6664	3	3
1177	1177	  44.6619	3	3
1178	1178	  44.6664	3	3
1179	1179	  44.6635	3	3
118	118	  44.6409	3	3
1180	1180	  44.6636	3	3
1181	1181	  44.6616	3	3
1182	1182	  44.6626	3	3
1183	1183	  44.6636	3	3
1184	1184	  44.6586	3	3
1185	1185	  44.6668	3	3
1186	1186	  44.6628	3	3
1187	1187	  44.6627	3	3
1188	1188	  44.6603	3	3
1189	1189	  44.6643	3	3
119	119	  44.6401	3	3
1190	1190	  44.6621	3	3
1191	1191	  44.6625	3	3
1192	1192	  44.6627	3	3
1193	1193	  44.6624	3	3
1194	1194	  44.6620	3	3
1195	1195	  44.6608	3	3
1196	1196	  44.6553	3	3
1197	1197	  44.6436	3	3
1198	1198	  44.6614	3	3
1199	1199	  44.6596	3	3
12	12	  44.7419	3	3
120	120	  44.6431	3	3
1200	1200	  44.6605	3	3
1201	1201	  44.6591	3	3
1202	1202	  44.6524	3	3
1203	1203	  44.6591	3	3
1204	1204	  44.6579	3	3
1205	1205	  44.6590	3	3
1206	1206	  44.6590	3	3
1207	1207	  44.6597	3	3
1208	1208	  44.6560	3	3
1209	1209	  44.6556	3	3
121	121	  44.6416	3	3
1210	1210	  44.6570	3	3
1211	1211	  44.6572	3	3
1212	1212	  44.6554	3	3
1213	1213	  44.6581	3	3
1214	1214	  44.6541	3	3
1215	1215	  44.6538	3	3
1216	1216	  44.6534	3	3
1217	1217	  44.6503	3	3
1218	1218	  44.6513	3	3
1219	1219	  44.6559	3	3
122	122	  44.6427	3	3
1220	1220	  44.6516	3	3
1221	1221	  44.6521	3	3
1222	1222	  44.6511	3	3
1223	1223	  44.6516	3	3
1224	1224	  44.6490	3	3
1225	1225	  44.6494	3	3
1226	1226	  44.6497	3	3
1227	1227	  44.6532	3	3
1228	1228	  44.6539	3	3
1229	1229	  44.6494	3	3
123	123	  44.6396	3	3
1230	1230	  44.6501	3	3
1231	1231	  44.6502	3	3
1232	1232	  44.6497	3	3
1233	1233	  44.6489	3	3
1234	1234	  44.6517	3	3
1235	1235	  44.6515	3	3
1236	1236	  44.6479	3	3
1237	1237	  44.6411	3	3
1238	1238	  44.6492	3	3
1239	1239	  44.6525	3	3
124	124	  44.6370	3	3
1240	1240	  44.6490	3	3
1241	1241	  44.6497	3	3
1242	1242	  44.6433	3	3
1243	1243	  44.6475	3	3
1244	1244	  44.6495	3	3
1245	1245	  44.6458	3	3
1246	1246	  44.6470	3	3
1247	1247	  44.6512	3	3
1248	1248	  44.6414	3	3
1249	1249	  44.6484	3	3
125	125	  44.6298	3	3
1250	1250	  44.6481	3	3
1251	1251	  44.6469	3	3
1252	1252	  44.6472	3	3
1253	1253	  44.6457	3	3
1254	1254	  44.6393	3	3
1255	1255	  44.6486	3	3
1256	1256	  44.6414	3	3
1257	1257	  44.6468	3	3
1258	1258	  44.6464	3	3
1259	1259	  44.6489	3	3
126	126	  44.6384	3	3
1260	1260	  44.6472	3	3
1261	1261	  44.6468	3	3
1262	1262	  44.6416	3	3
1263	1263	  44.6424	3	3
1264	1264	  44.6456	3	3
1265	1265	  44.6444	3	3
1266	1266	  44.6465	3	3
1267	1267	  44.6463	3	3
1268	1268	  44.6448	3	3
1269	1269	  44.6454	3	3
127	127	  44.6384	3	3
1270	1270	  44.6425	3	3
1271	1271	  44.6450	3	3
1272	1272	  44.6459	3	3
1273	1273	  44.6401	3	3
1274	1274	  44.6420	3	3
1275	1275	  44.6473	3	3
1276	1276	  44.6415	3	3
1277	1277	  44.6442	3	3
1278	1278	  44.6430	3	3
1279	1279	  44.6455	3	3
128	128	  44.6361	3	3
1280	1280	  44.6435	3	3
1281	1281	  44.6373	3	3
1282	1282	  44.6415	3	3
1283	1283	  44.6410	3	3
1284	1284	  44.6449	3	3
1285	1285	  44.6276	3	3
1286	1286	  44.6363	3	3
1287	1287	  44.6341	3	3
1288	1288	  44.6368	3	3
1289	1289	  44.6337	3	3
129	129	  44.6346	3	3
1290	1290	  44.6335	3	3
1291	1291	  44.6373	3	3
1292	1292	  44.6346	3	3
1293	1293	  44.6351	3	3
1294	1294	  44.6342	3	3
1295	1295	  44.6323	3	3
1296	1296	  44.6328	3	3
1297	1297	  44.6306	3	3
1298	1298	  44.6312	3	3
1299	1299	  44.6313	3	3
13	13	  44.7385	3	3
130	130	  44.6359	3	3
1300	1300	  44.6305	3	3
1301	1301	  44.6299	3	3
1302	1302	  44.6275	3	3
1303	1303	  44.6293	3	3
1304	1304	  44.6308	3	3
1305	1305	  44.6306	3	3
1306	1306	  44.6270	3	3
1307	1307	  44.6281	3	3
1308	1308	  44.6275	3	3
1309	1309	  44.6287	3	3
131	131	  44.6327	3	3
1310	1310	  44.6280	3	3
1311	1311	  44.6253	3	3
1312	1312	  44.6274	3	3
1313	1313	  44.6233	3	3
1314	1314	  44.6251	3	3
1315	1315	  44.6223	3	3
1316	1316	  44.6202	3	3
1317	1317	  44.6234	3	3
1318	1318	  44.6224	3	3
1319	1319	  44.6195	3	3
132	132	  44.6327	3	3
1320	1320	  44.6212	3	3
1321	1321	  44.6180	3	3
1322	1322	  44.6147	3	3
1323	1323	  44.6178	3	3
1324	1324	  44.6201	3	3
1325	1325	  44.6196	3	3
1326	1326	  44.6191	3	3
1327	1327	  44.6187	3	3
1328	1328	  44.6197	3	3
1329	1329	  44.6108	3	3
133	133	  44.6340	3	3
1330	1330	  44.6122	3	3
1331	1331	  44.6193	3	3
1332	1332	  44.6198	3	3
1333	1333	  44.6145	3	3
1334	1334	  44.6183	3	3
1335	1335	  44.6179	3	3
1336	1336	  44.6184	3	3
1337	1337	  44.6175	3	3
1338	1338	  44.6168	3	3
1339	1339	  44.6029	3	3
134	134	  44.9967	3	3
1340	1340	  44.6152	3	3
1341	1341	  44.6149	3	3
1342	1342	  44.6154	3	3
1343	1343	  44.6162	3	3
1344	1344	  44.6125	3	3
1345	1345	  44.6153	3	3
1346	1346	  44.6138	3	3
1347	1347	  44.6036	3	3
1348	1348	  44.6088	3	3
1349	1349	  44.6102	3	3
135	135	  44.9954	3	3
1350	1350	  44.6081	3	3
1351	1351	  44.5954	3	3
1352	1352	  44.5966	3	3
1353	1353	  44.5949	3	3
1354	1354	  44.5849	3	3
1355	1355	  44.5825	3	3
1356	1356	  44.5854	3	3
1357	1357	  44.5832	3	3
1358	1358	  44.5818	3	3
1359	1359	  44.5819	3	3
136	136	  44.9956	3	3
1360	1360	  44.5783	3	3
1361	1361	  44.5796	3	3
1362	1362	  45.2037	3	3
1363	1363	  45.2147	3	3
1364	1364	  45.2124	3	3
1365	1365	  45.2131	3	3
1366	1366	  45.2133	3	3
1367	1367	  45.2158	3	3
1368	1368	  45.2238	3	3
1369	1369	  45.2273	3	3
137	137	  44.9953	3	3
1370	1370	  45.2416	3	3
1371	1371	  45.2480	3	3
1372	1372	  45.2519	3	3
1373	1373	  45.2616	3	3
1374	1374	  45.2672	3	3
1375	1375	  45.2793	3	3
1376	1376	  45.2801	3	3
1377	1377	  45.2890	3	3
1378	1378	  45.2930	3	3
1379	1379	  45.2985	3	3
138	138	  44.9927	3	3
1380	1380	  45.3001	3	3
1381	1381	  45.3021	3	3
1382	1382	  45.3003	3	3
1383	1383	  45.3054	3	3
1384	1384	  45.3075	3	3
1385	1385	  45.3069	3	3
1386	1386	  45.3100	3	3
1387	1387	  45.3101	3	3
1388	1388	  45.3112	3	3
1389	1389	  45.3114	3	3
139	139	  44.9930	3	3
1390	1390	  45.3129	3	3
1391	1391	  45.3145	3	3
1392	1392	  45.3174	3	3
1393	1393	  45.3263	3	3
1394	1394	  45.3255	3	3
1395	1395	  45.3313	3	3
1396	1396	  45.3322	3	3
1397	1397	  45.3397	3	3
1398	1398	  45.3447	3	3
1399	1399	  45.3435	3	3
14	14	  44.7386	3	3
140	140	  44.9927	3	3
1400	1400	  45.3463	3	3
1401	1401	  45.3519	3	3
1402	1402	  45.3552	3	3
1403	1403	  45.2238	3	3
1404	1404	  45.2444	3	3
1405	1405	  45.2568	3	3
1406	1406	  45.2788	3	3
1407	1407	  45.2829	3	3
1408	1408	  45.2836	3	3
1409	1409	  45.2937	3	3
141	141	  44.9954	3	3
1410	1410	  45.3097	3	3
1411	1411	  45.2157	3	3
1412	1412	  45.2206	3	3
1413	1413	  45.2252	3	3
1414	1414	  45.2319	3	3
1415	1415	  45.2387	3	3
1416	1416	  45.2385	3	3
1417	1417	  45.2358	3	3
1418	1418	  45.2635	3	3
1419	1419	  45.2656	3	3
142	142	  44.9938	3	3
1420	1420	  45.2740	3	3
1421	1421	  45.3051	3	3
1422	1422	  45.3124	3	3
1423	1423	  45.3712	3	3
1424	1424	  45.3757	3	3
1425	1425	  45.3815	3	3
1426	1426	  45.3833	3	3
1427	1427	  45.3841	3	3
1428	1428	  45.3903	3	3
1429	1429	  45.3907	3	3
143	143	  44.9935	3	3
1430	1430	  45.3939	3	3
1431	1431	  45.3958	3	3
1432	1432	  45.4014	3	3
1433	1433	  45.4062	3	3
1434	1434	  45.4084	3	3
1435	1435	  45.2960	3	3
1436	1436	  45.2922	3	3
1437	1437	  45.2849	3	3
1438	1438	  45.2852	3	3
1439	1439	  45.2841	3	3
144	144	  44.9934	3	3
1440	1440	  45.2696	3	3
1441	1441	  45.2654	3	3
1442	1442	  45.2598	3	3
1443	1443	  45.2650	3	3
1444	1444	  45.2605	3	3
1445	1445	  45.2533	3	3
1446	1446	  45.2408	3	3
1447	1447	  45.2284	3	3
1448	1448	  45.2268	3	3
1449	1449	  45.2261	3	3
145	145	  44.9880	3	3
1450	1450	  45.2236	3	3
1451	1451	  45.2225	3	3
1452	1452	  45.2208	3	3
1453	1453	  45.2183	3	3
1454	1454	  45.2187	3	3
1455	1455	  45.2149	3	3
1456	1456	  45.2136	3	3
1457	1457	  45.2114	3	3
1458	1458	  45.2087	3	3
1459	1459	  45.2086	3	3
146	146	  44.9891	3	3
1460	1460	  45.2049	3	3
1461	1461	  45.2038	3	3
1462	1462	  45.2003	3	3
1463	1463	  45.2014	3	3
1464	1464	  45.4361	3	3
1465	1465	  45.4367	3	3
1466	1466	  45.4392	3	3
1467	1467	  45.4413	3	3
1468	1468	  45.4435	3	3
1469	1469	  45.4441	3	3
147	147	  44.9877	3	3
1470	1470	  45.4475	3	3
1471	1471	  45.4475	3	3
1472	1472	  45.4524	3	3
1473	1473	  45.4538	3	3
1474	1474	  45.4550	3	3
1475	1475	  45.4572	3	3
1476	1476	  45.4610	3	3
1477	1477	  45.4622	3	3
1478	1478	  45.4652	3	3
1479	1479	  45.4613	3	3
148	148	  44.9921	3	3
1480	1480	  45.4684	3	3
1481	1481	  45.4169	3	3
1482	1482	  45.4512	3	3
1483	1483	  45.4924	3	3
1484	1484	  45.4986	3	3
1485	1485	  45.5051	3	3
1486	1486	  45.5081	3	3
1487	1487	  45.5132	3	3
1488	1488	  45.5228	3	3
1489	1489	  45.5308	3	3
149	149	  44.9916	3	3
1490	1490	  45.5283	3	3
1491	1491	  45.5382	3	3
1492	1492	  45.5468	3	3
1493	1493	  45.5515	3	3
1494	1494	  45.4837	3	3
1495	1495	  45.4982	3	3
1496	1496	  45.5292	3	3
1497	1497	  45.5448	3	3
1498	1498	  45.5518	3	3
1499	1499	  45.5594	3	3
15	15	  44.7370	3	3
150	150	  44.9887	3	3
1500	1500	  45.5624	3	3
1501	1501	  45.5667	3	3
1502	1502	  45.5717	3	3
1503	1503	  45.5757	3	3
1504	1504	  45.5795	3	3
1505	1505	  45.5862	3	3
1506	1506	  45.5908	3	3
1507	1507	  45.5942	3	3
1508	1508	  45.5944	3	3
1509	1509	  45.5989	3	3
151	151	  44.6258	3	3
1510	1510	  45.5985	3	3
1511	1511	  45.5996	3	3
1512	1512	  45.5997	3	3
1513	1513	  45.6002	3	3
1514	1514	  45.6009	3	3
1515	1515	  45.6009	3	3
1516	1516	  45.6012	3	3
1517	1517	  45.5998	3	3
1518	1518	  45.6169	3	3
1519	1519	  45.6091	3	3
152	152	  44.6252	3	3
1520	1520	  45.5933	3	3
1521	1521	  45.5925	3	3
1522	1522	  45.5960	3	3
1523	1523	  45.6138	3	3
1524	1524	  45.6232	3	3
1525	1525	  45.6257	3	3
1526	1526	  45.6295	3	3
1527	1527	  45.6365	3	3
1528	1528	  45.6392	3	3
1529	1529	  45.6432	3	3
153	153	  44.6230	3	3
1530	1530	  45.6429	3	3
1531	1531	  45.6442	3	3
1532	1532	  45.6446	3	3
1533	1533	  45.6550	3	3
1534	1534	  45.6587	3	3
1535	1535	  45.6630	3	3
1536	1536	  45.6670	3	3
1537	1537	  45.6709	3	3
1538	1538	  45.6719	3	3
1539	1539	  45.6709	3	3
154	154	  44.6224	3	3
1540	1540	  45.6818	3	3
1541	1541	  45.6952	3	3
1542	1542	  45.6922	3	3
1543	1543	  45.7004	3	3
1544	1544	  45.7062	3	3
1545	1545	  45.7771	3	3
1546	1546	  45.7765	3	3
1547	1547	  45.7753	3	3
1548	1548	  45.7862	3	3
1549	1549	  45.7892	3	3
155	155	  44.6141	3	3
1550	1550	  45.7954	3	3
1551	1551	  45.7959	3	3
1552	1552	  45.8034	3	3
1553	1553	  45.8166	3	3
1554	1554	  45.8181	3	3
1555	1555	  45.8182	3	3
1556	1556	  45.8343	3	3
1557	1557	  45.8399	3	3
1558	1558	  45.8414	3	3
1559	1559	  45.8455	3	3
156	156	  44.6215	3	3
1560	1560	  45.8432	3	3
1561	1561	  45.8482	3	3
1562	1562	  45.8498	3	3
1563	1563	  45.8498	3	3
1564	1564	  45.8531	3	3
1565	1565	  45.8530	3	3
1566	1566	  45.8542	3	3
1567	1567	  45.8577	3	3
1568	1568	  45.8579	3	3
1569	1569	  45.8645	3	3
157	157	  44.6229	3	3
1570	1570	  45.6491	3	3
1571	1571	  45.6578	3	3
1572	1572	  45.6877	3	3
1573	1573	  45.7029	3	3
1574	1574	  45.7083	3	3
1575	1575	  45.7553	3	3
1576	1576	  45.7560	3	3
1577	1577	  45.7917	3	3
1578	1578	  45.7939	3	3
1579	1579	  45.7950	3	3
158	158	  44.6080	3	3
1580	1580	  45.7970	3	3
1581	1581	  45.8262	3	3
1582	1582	  45.6618	3	3
1583	1583	  45.6247	3	3
1584	1584	  45.6927	3	3
1585	1585	  45.6974	3	3
1586	1586	  45.7034	3	3
1587	1587	  45.6922	3	3
1588	1588	  45.6958	3	3
1589	1589	  45.7750	3	3
159	159	  44.6078	3	3
1590	1590	  45.7830	3	3
1591	1591	  45.7797	3	3
1592	1592	  45.7873	3	3
1593	1593	  45.7865	3	3
1594	1594	  45.8117	3	3
1595	1595	  45.8123	3	3
1596	1596	  45.8266	3	3
1597	1597	  45.8358	3	3
1598	1598	  45.8368	3	3
1599	1599	  45.8492	3	3
16	16	  44.7417	3	3
160	160	  44.6046	3	3
1600	1600	  45.8496	3	3
1601	1601	  45.1449	3	3
1602	1602	  45.1481	3	3
1603	1603	  45.1536	3	3
1604	1604	  45.1429	3	3
1605	1605	  45.1531	3	3
1606	1606	  45.1706	3	3
1607	1607	  45.1573	3	3
1608	1608	  45.1667	3	3
1609	1609	  45.1781	3	3
161	161	  44.6062	3	3
1610	1610	  45.0156	3	3
1611	1611	  44.9991	3	3
1612	1612	  45.0131	3	3
1613	1613	  45.0074	3	3
1614	1614	  44.9988	3	3
1615	1615	  45.0231	3	3
1616	1616	  45.0039	3	3
1617	1617	  45.0268	3	3
1618	1618	  45.8766	3	3
1619	1619	  45.8793	3	3
162	162	  44.6063	3	3
1620	1620	  45.8811	3	3
1621	1621	  45.8786	3	3
1622	1622	  45.8810	3	3
1623	1623	  45.8849	3	3
1624	1624	  45.8842	3	3
1625	1625	  45.8860	3	3
1626	1626	  45.8859	3	3
1627	1627	  45.8897	3	3
1628	1628	  45.8909	3	3
1629	1629	  45.8938	3	3
163	163	  44.6058	3	3
1630	1630	  45.8980	3	3
1631	1631	  45.9019	3	3
1632	1632	  45.9003	3	3
1633	1633	  45.9069	3	3
1634	1634	  45.8986	3	3
1635	1635	  45.8923	3	3
1636	1636	  45.8880	3	3
1637	1637	  45.8913	3	3
1638	1638	  45.9056	3	3
1639	1639	  45.9037	3	3
164	164	  44.6036	3	3
1640	1640	  45.9116	3	3
1641	1641	  45.9030	3	3
1642	1642	  45.8999	3	3
1643	1643	  45.9058	3	3
1644	1644	  45.9051	3	3
1645	1645	  45.9082	3	3
1646	1646	  45.9137	3	3
1647	1647	  45.9115	3	3
1648	1648	  45.9047	3	3
1649	1649	  45.9217	3	3
165	165	  44.6042	3	3
1650	1650	  45.9283	3	3
1651	1651	  45.9192	3	3
1652	1652	  45.9263	3	3
1653	1653	  45.9308	3	3
1654	1654	  45.9281	3	3
1655	1655	  45.9356	3	3
1656	1656	  45.9355	3	3
1657	1657	  45.9351	3	3
1658	1658	  45.9372	3	3
1659	1659	  45.9387	3	3
166	166	  44.6034	3	3
1660	1660	  45.9398	3	3
1661	1661	  45.9412	3	3
1662	1662	  45.9380	3	3
1663	1663	  45.9369	3	3
1664	1664	  45.9357	3	3
1665	1665	  45.9412	3	3
1666	1666	  45.9376	3	3
1667	1667	  45.9411	3	3
1668	1668	  45.9413	3	3
1669	1669	  45.9418	3	3
167	167	  44.9847	3	3
1670	1670	  45.9418	3	3
1671	1671	  45.9433	3	3
1672	1672	  45.9454	3	3
1673	1673	  45.9455	3	3
1674	1674	  45.9475	3	3
1675	1675	  45.9387	3	3
1676	1676	  45.9409	3	3
1677	1677	  45.9449	3	3
1678	1678	  45.9402	3	3
1679	1679	  45.9457	3	3
168	168	  44.9880	3	3
1680	1680	  45.9460	3	3
1681	1681	  45.9525	3	3
1682	1682	  45.9585	3	3
1683	1683	  45.9592	3	3
1684	1684	  45.9622	3	3
1685	1685	  45.9711	3	3
1686	1686	  45.9651	3	3
1687	1687	  45.9682	3	3
1688	1688	  45.9697	3	3
1689	1689	  45.9748	3	3
169	169	  44.9816	3	3
1690	1690	  45.9721	3	3
1691	1691	  45.9762	3	3
1692	1692	  45.9731	3	3
1693	1693	  45.9725	3	3
1694	1694	  45.9785	3	3
1695	1695	  45.9787	3	3
1696	1696	  45.9625	3	3
1697	1697	  45.9700	3	3
1698	1698	  45.9868	3	3
1699	1699	  45.9796	3	3
17	17	  44.7378	3	3
170	170	  44.9810	3	3
1700	1700	  45.9959	3	3
1701	1701	  45.9938	3	3
1702	1702	  45.9907	3	3
1703	1703	  45.9968	3	3
1704	1704	  45.9898	3	3
1705	1705	  45.9838	3	3
1706	1706	  45.9896	3	3
1707	1707	  45.9997	3	3
1708	1708	  46.0086	3	3
1709	1709	  46.0111	3	3
171	171	  44.9883	3	3
1710	1710	  46.0040	3	3
1711	1711	  46.0020	3	3
1712	1712	  46.0123	3	3
1713	1713	  46.0121	3	3
1714	1714	  46.0275	3	3
1715	1715	  46.0209	3	3
1716	1716	  46.0251	3	3
1717	1717	  46.0225	3	3
1718	1718	  46.0369	3	3
1719	1719	  46.0381	3	3
172	172	  44.9835	3	3
1720	1720	  46.0204	3	3
1721	1721	  46.0253	3	3
1722	1722	  46.0271	3	3
1723	1723	  46.0280	3	3
1724	1724	  46.0304	3	3
1725	1725	  46.0347	3	3
1726	1726	  46.0324	3	3
1727	1727	  46.0335	3	3
1728	1728	  46.0371	3	3
1729	1729	  46.0358	3	3
173	173	  44.9881	3	3
1730	1730	  46.0367	3	3
1731	1731	  46.0436	3	3
1732	1732	  46.0507	3	3
1733	1733	  46.0451	3	3
1734	1734	  46.0447	3	3
1735	1735	  46.0438	3	3
1736	1736	  46.0400	3	3
1737	1737	  46.0468	3	3
1738	1738	  46.0461	3	3
1739	1739	  46.0567	3	3
174	174	  44.9821	3	3
1740	1740	  46.0636	3	3
1741	1741	  46.0622	3	3
1742	1742	  46.0615	3	3
1743	1743	  46.0874	3	3
1744	1744	  46.0853	3	3
1745	1745	  46.0834	3	3
1746	1746	  46.0790	3	3
1747	1747	  46.0798	3	3
1748	1748	  46.0870	3	3
1749	1749	  46.0675	3	3
175	175	  44.9806	3	3
1750	1750	  46.0798	3	3
1751	1751	  46.0749	3	3
1752	1752	  46.0726	3	3
1753	1753	  46.0883	3	3
1754	1754	  46.0902	3	3
1755	1755	  46.0875	3	3
1756	1756	  46.0832	3	3
1757	1757	  46.0921	3	3
1758	1758	  46.0874	3	3
1759	1759	  46.0918	3	3
176	176	  44.9857	3	3
1760	1760	  46.0870	3	3
1761	1761	  46.0981	3	3
1762	1762	  46.1008	3	3
1763	1763	  46.1162	3	3
1764	1764	  46.1234	3	3
1765	1765	  46.1163	3	3
1766	1766	  46.1230	3	3
1767	1767	  46.1125	3	3
1768	1768	  46.1185	3	3
1769	1769	  46.1218	3	3
177	177	  44.9706	3	3
1770	1770	  46.1141	3	3
1771	1771	  46.1138	3	3
1772	1772	  46.1173	3	3
1773	1773	  46.1190	3	3
1774	1774	  46.1209	3	3
1775	1775	  46.1212	3	3
1776	1776	  46.0565	3	3
1777	1777	  46.0548	3	3
1778	1778	  46.1334	3	3
1779	1779	  46.1406	3	3
178	178	  44.9740	3	3
1780	1780	  46.1490	3	3
1781	1781	  46.1452	3	3
1782	1782	  46.1499	3	3
1783	1783	  46.1526	3	3
1784	1784	  46.1565	3	3
1785	1785	  46.1550	3	3
1786	1786	  46.1607	3	3
1787	1787	  46.1645	3	3
1788	1788	  46.1657	3	3
1789	1789	  46.1760	3	3
179	179	  44.9737	3	3
1790	1790	  46.1692	3	3
1791	1791	  46.1711	3	3
1792	1792	  46.1783	3	3
1793	1793	  46.1839	3	3
1794	1794	  46.1776	3	3
1795	1795	  46.1833	3	3
1796	1796	  46.1794	3	3
1797	1797	  46.1889	3	3
1798	1798	  46.1928	3	3
1799	1799	  46.1718	3	3
18	18	  44.7285	3	3
180	180	  44.9747	3	3
1800	1800	  46.1812	3	3
1801	1801	  46.1791	3	3
1802	1802	  46.1774	3	3
1803	1803	  46.1837	3	3
1804	1804	  46.1861	3	3
1805	1805	  46.1972	3	3
1806	1806	  46.2086	3	3
1807	1807	  46.1967	3	3
1808	1808	  46.2019	3	3
1809	1809	  46.2029	3	3
181	181	  44.9715	3	3
1810	1810	  46.2123	3	3
1811	1811	  46.2184	3	3
1812	1812	  46.2208	3	3
1813	1813	  46.2224	3	3
1814	1814	  46.2291	3	3
1815	1815	  46.2154	3	3
1816	1816	  46.2259	3	3
1817	1817	  46.2351	3	3
1818	1818	  46.2314	3	3
1819	1819	  46.2323	3	3
182	182	  44.9691	3	3
1820	1820	  46.2363	3	3
1821	1821	  46.2323	3	3
1822	1822	  46.2297	3	3
1823	1823	  46.2438	3	3
1824	1824	  46.2439	3	3
1825	1825	  46.2427	3	3
1826	1826	  46.2492	3	3
1827	1827	  46.2505	3	3
1828	1828	  46.2582	3	3
1829	1829	  46.2596	3	3
183	183	  44.9749	3	3
1830	1830	  46.2530	3	3
1831	1831	  46.2531	3	3
1832	1832	  46.2621	3	3
1833	1833	  46.2627	3	3
1834	1834	  46.2656	3	3
1835	1835	  46.2689	3	3
1836	1836	  46.2672	3	3
1837	1837	  46.2778	3	3
1838	1838	  46.2774	3	3
1839	1839	  46.2758	3	3
184	184	  44.7594	3	3
1840	1840	  46.2772	3	3
1841	1841	  46.2747	3	3
1842	1842	  46.2782	3	3
1843	1843	  46.2744	3	3
1844	1844	  46.2814	3	3
1845	1845	  46.2829	3	3
1846	1846	  46.2784	3	3
1847	1847	  46.2878	3	3
1848	1848	  46.2940	3	3
1849	1849	  46.2846	3	3
185	185	  44.7626	3	3
1850	1850	  46.2999	3	3
1851	1851	  46.2993	3	3
1852	1852	  46.3024	3	3
1853	1853	  46.3026	3	3
1854	1854	  46.3031	3	3
1855	1855	  46.3045	3	3
1856	1856	  46.3054	3	3
1857	1857	  46.3219	3	3
1858	1858	  46.3244	3	3
1859	1859	  46.3238	3	3
186	186	  44.7618	3	3
1860	1860	  46.3242	3	3
1861	1861	  46.3191	3	3
1862	1862	  46.3290	3	3
1863	1863	  46.3283	3	3
1864	1864	  46.3336	3	3
1865	1865	  46.3340	3	3
1866	1866	  46.3285	3	3
1867	1867	  46.3366	3	3
1868	1868	  46.3241	3	3
1869	1869	  46.3320	3	3
187	187	  44.7617	3	3
1870	1870	  46.3284	3	3
1871	1871	  46.3378	3	3
1872	1872	  46.3404	3	3
1873	1873	  46.3450	3	3
1874	1874	  46.3495	3	3
1875	1875	  46.3482	3	3
1876	1876	  46.3511	3	3
1877	1877	  46.3517	3	3
1878	1878	  46.3522	3	3
1879	1879	  46.3542	3	3
188	188	  44.7592	3	3
1880	1880	  46.3451	3	3
1881	1881	  46.3559	3	3
1882	1882	  46.3513	3	3
1883	1883	  46.3538	3	3
1884	1884	  46.3587	3	3
1885	1885	  46.3685	3	3
1886	1886	  46.3609	3	3
1887	1887	  46.3655	3	3
1888	1888	  46.3603	3	3
1889	1889	  46.3631	3	3
189	189	  44.7601	3	3
1890	1890	  46.3712	3	3
1891	1891	  46.3767	3	3
1892	1892	  46.3599	3	3
1893	1893	  46.3596	3	3
1894	1894	  46.3638	3	3
1895	1895	  46.3736	3	3
1896	1896	  46.3677	3	3
1897	1897	  46.3561	3	3
1898	1898	  46.3648	3	3
1899	1899	  46.3667	3	3
19	19	  44.7375	3	3
190	190	  44.7612	3	3
1900	1900	  46.3566	3	3
1901	1901	  46.3600	3	3
1902	1902	  46.3760	3	3
1903	1903	  46.3806	3	3
1904	1904	  46.3807	3	3
1905	1905	  46.3867	3	3
1906	1906	  46.3834	3	3
1907	1907	  46.3841	3	3
1908	1908	  46.3908	3	3
1909	1909	  46.3913	3	3
191	191	  44.7618	3	3
1910	1910	  46.3922	3	3
1911	1911	  46.3901	3	3
1912	1912	  46.3920	3	3
1913	1913	  46.3930	3	3
1914	1914	  46.3933	3	3
1915	1915	  46.3926	3	3
1916	1916	  46.3932	3	3
192	192	  44.7622	3	3
193	193	  44.7607	3	3
194	194	  44.7549	3	3
195	195	  44.7518	3	3
196	196	  44.7605	3	3
197	197	  44.7612	3	3
198	198	  44.7563	3	3
199	199	  44.7552	3	3
2	2	  44.8148	3	3
20	20	  44.5946	3	3
200	200	  44.7608	3	3
201	201	  44.7590	3	3
202	202	  44.7575	3	3
203	203	  44.7596	3	3
204	204	  44.7633	3	3
205	205	  44.7571	3	3
206	206	  44.7569	3	3
207	207	  44.7455	3	3
208	208	  44.7428	3	3
209	209	  44.7469	3	3
21	21	  44.9237	3	3
210	210	  44.7443	3	3
211	211	  44.7454	3	3
212	212	  44.7468	3	3
213	213	  44.7463	3	3
214	214	  44.7443	3	3
215	215	  44.7444	3	3
216	216	  44.7430	3	3
217	217	  44.7438	3	3
218	218	  44.7362	3	3
219	219	  44.7440	3	3
22	22	  44.9221	3	3
220	220	  44.7426	3	3
221	221	  44.7416	3	3
222	222	  44.7375	3	3
223	223	  44.7451	3	3
224	224	  44.7384	3	3
225	225	  44.7352	3	3
226	226	  44.6262	3	3
227	227	  44.6284	3	3
228	228	  44.6251	3	3
229	229	  44.6192	3	3
23	23	  44.9218	3	3
230	230	  44.6263	3	3
231	231	  44.6242	3	3
232	232	  44.6222	3	3
233	233	  44.6186	3	3
234	234	  44.6015	3	3
235	235	  44.6030	3	3
236	236	  44.5948	3	3
237	237	  44.5997	3	3
238	238	  44.5930	3	3
239	239	  44.5987	3	3
24	24	  44.9218	3	3
240	240	  44.9737	3	3
241	241	  44.9745	3	3
242	242	  44.9743	3	3
243	243	  44.9732	3	3
244	244	  44.9732	3	3
245	245	  44.9717	3	3
246	246	  44.9713	3	3
247	247	  44.9717	3	3
248	248	  44.9703	3	3
249	249	  44.9727	3	3
25	25	  44.9310	3	3
250	250	  44.9715	3	3
251	251	  44.9720	3	3
252	252	  44.9680	3	3
253	253	  44.9701	3	3
254	254	  44.9699	3	3
255	255	  44.9695	3	3
256	256	  44.9687	3	3
257	257	  44.9692	3	3
258	258	  44.9713	3	3
259	259	  44.9625	3	3
26	26	  44.9258	3	3
260	260	  44.9677	3	3
261	261	  44.9659	3	3
262	262	  44.9575	3	3
263	263	  44.9628	3	3
264	264	  44.9618	3	3
265	265	  44.9655	3	3
266	266	  44.9596	3	3
267	267	  44.9575	3	3
268	268	  44.9530	3	3
269	269	  44.9636	3	3
27	27	  44.9222	3	3
270	270	  44.9618	3	3
271	271	  44.9618	3	3
272	272	  44.9563	3	3
273	273	  44.9580	3	3
274	274	  44.9537	3	3
275	275	  44.9569	3	3
276	276	  44.9549	3	3
277	277	  44.9515	3	3
278	278	  44.9484	3	3
279	279	  44.9502	3	3
28	28	  44.9179	3	3
280	280	  44.9445	3	3
281	281	  44.9510	3	3
282	282	  44.9471	3	3
283	283	  44.9463	3	3
284	284	  44.9416	3	3
285	285	  44.9526	3	3
286	286	  44.9572	3	3
287	287	  44.9414	3	3
288	288	  44.9470	3	3
289	289	  44.9518	3	3
29	29	  44.8128	3	3
290	290	  44.9467	3	3
291	291	  44.9423	3	3
292	292	  44.9515	3	3
293	293	  44.9523	3	3
294	294	  44.9539	3	3
295	295	  44.9506	3	3
296	296	  44.9514	3	3
297	297	  44.9423	3	3
298	298	  44.9420	3	3
299	299	  44.9511	3	3
3	3	  44.8112	3	3
30	30	  44.8198	3	3
300	300	  44.9515	3	3
301	301	  44.9446	3	3
302	302	  44.9503	3	3
303	303	  44.9496	3	3
304	304	  44.9461	3	3
305	305	  44.9470	3	3
306	306	  44.9469	3	3
307	307	  44.9415	3	3
308	308	  44.9472	3	3
309	309	  44.9486	3	3
31	31	  44.8213	3	3
310	310	  44.9324	3	3
311	311	  44.9474	3	3
312	312	  44.9403	3	3
313	313	  44.9476	3	3
314	314	  44.9387	3	3
315	315	  44.9380	3	3
316	316	  44.9378	3	3
317	317	  44.9442	3	3
318	318	  44.9387	3	3
319	319	  44.9377	3	3
32	32	  44.8156	3	3
320	320	  44.9374	3	3
321	321	  44.9405	3	3
322	322	  44.9314	3	3
323	323	  44.9427	3	3
324	324	  44.9417	3	3
325	325	  44.9367	3	3
326	326	  44.9448	3	3
327	327	  44.9448	3	3
328	328	  44.9371	3	3
329	329	  44.9430	3	3
33	33	  44.8236	3	3
330	330	  44.9416	3	3
331	331	  44.9353	3	3
332	332	  44.9328	3	3
333	333	  44.9306	3	3
334	334	  44.9303	3	3
335	335	  44.9401	3	3
336	336	  44.9401	3	3
337	337	  44.9313	3	3
338	338	  44.9291	3	3
339	339	  44.9319	3	3
34	34	  44.8161	3	3
340	340	  44.9207	3	3
341	341	  44.9288	3	3
342	342	  44.9286	3	3
343	343	  44.9271	3	3
344	344	  44.9323	3	3
345	345	  44.9286	3	3
346	346	  44.9241	3	3
347	347	  44.9254	3	3
348	348	  44.9228	3	3
349	349	  44.9178	3	3
35	35	  44.8199	3	3
350	350	  44.9132	3	3
351	351	  44.9198	3	3
352	352	  44.9167	3	3
353	353	  44.9187	3	3
354	354	  44.9166	3	3
355	355	  44.9232	3	3
356	356	  44.9212	3	3
357	357	  44.9222	3	3
358	358	  44.9111	3	3
359	359	  44.9144	3	3
36	36	  44.8123	3	3
360	360	  44.9149	3	3
361	361	  44.9065	3	3
362	362	  44.7818	3	3
363	363	  44.7885	3	3
364	364	  44.7862	3	3
365	365	  44.7795	3	3
366	366	  44.7865	3	3
367	367	  44.7876	3	3
368	368	  44.7884	3	3
369	369	  44.7858	3	3
37	37	  44.8180	3	3
370	370	  44.7851	3	3
371	371	  44.7887	3	3
372	372	  44.7844	3	3
373	373	  44.7829	3	3
374	374	  44.9194	3	3
375	375	  44.9128	3	3
376	376	  44.9181	3	3
377	377	  44.9170	3	3
378	378	  44.9098	3	3
379	379	  44.9131	3	3
38	38	  44.8145	3	3
380	380	  44.9093	3	3
381	381	  44.9121	3	3
382	382	  44.9129	3	3
383	383	  44.9130	3	3
384	384	  44.9111	3	3
385	385	  44.9146	3	3
386	386	  44.9115	3	3
387	387	  44.9116	3	3
388	388	  44.9117	3	3
389	389	  44.9154	3	3
39	39	  44.8147	3	3
390	390	  44.9115	3	3
391	391	  44.9108	3	3
392	392	  44.9107	3	3
393	393	  44.9116	3	3
394	394	  44.9084	3	3
395	395	  44.9061	3	3
396	396	  44.9092	3	3
397	397	  44.9104	3	3
398	398	  44.9062	3	3
399	399	  44.9083	3	3
4	4	  44.8152	3	3
40	40	  44.8085	3	3
400	400	  44.9085	3	3
401	401	  44.9049	3	3
402	402	  44.9104	3	3
403	403	  44.9073	3	3
404	404	  44.9049	3	3
405	405	  44.9087	3	3
406	406	  44.9036	3	3
407	407	  44.9086	3	3
408	408	  44.9005	3	3
409	409	  44.9052	3	3
41	41	  44.8118	3	3
410	410	  44.9056	3	3
411	411	  44.9063	3	3
412	412	  44.9066	3	3
413	413	  44.9011	3	3
414	414	  44.9065	3	3
415	415	  44.9057	3	3
416	416	  44.9102	3	3
417	417	  44.9036	3	3
418	418	  44.9086	3	3
419	419	  44.9051	3	3
42	42	  44.8135	3	3
420	420	  44.7755	3	3
421	421	  44.7754	3	3
422	422	  44.7773	3	3
423	423	  44.7754	3	3
424	424	  44.7753	3	3
425	425	  44.7713	3	3
426	426	  44.7757	3	3
427	427	  44.7746	3	3
428	428	  44.7757	3	3
429	429	  44.7745	3	3
43	43	  44.8119	3	3
430	430	  44.7745	3	3
431	431	  44.7739	3	3
432	432	  44.7750	3	3
433	433	  44.7730	3	3
434	434	  44.7737	3	3
435	435	  44.7746	3	3
436	436	  44.7704	3	3
437	437	  44.7743	3	3
438	438	  44.7737	3	3
439	439	  44.7754	3	3
44	44	  44.8100	3	3
440	440	  44.9002	3	3
441	441	  44.9048	3	3
442	442	  44.9017	3	3
443	443	  44.9063	3	3
444	444	  44.9002	3	3
445	445	  44.9067	3	3
446	446	  44.8971	3	3
447	447	  44.9018	3	3
448	448	  44.8974	3	3
449	449	  44.9057	3	3
45	45	  44.8111	3	3
450	450	  44.9034	3	3
451	451	  44.8999	3	3
452	452	  44.9027	3	3
453	453	  44.9008	3	3
454	454	  44.8987	3	3
455	455	  44.8993	3	3
456	456	  44.9013	3	3
457	457	  44.8988	3	3
458	458	  44.8935	3	3
459	459	  44.9025	3	3
46	46	  44.8076	3	3
460	460	  44.9012	3	3
461	461	  44.8972	3	3
462	462	  44.8958	3	3
463	463	  44.8948	3	3
464	464	  44.8952	3	3
465	465	  44.8937	3	3
466	466	  44.8959	3	3
467	467	  44.9013	3	3
468	468	  44.8931	3	3
469	469	  44.8943	3	3
47	47	  44.8081	3	3
470	470	  44.8944	3	3
471	471	  44.8975	3	3
472	472	  44.8948	3	3
473	473	  44.8935	3	3
474	474	  44.9008	3	3
475	475	  44.8918	3	3
476	476	  44.8911	3	3
477	477	  44.8923	3	3
478	478	  44.8908	3	3
479	479	  44.8921	3	3
48	48	  44.7028	3	3
480	480	  44.8847	3	3
481	481	  44.8872	3	3
482	482	  44.8872	3	3
483	483	  44.8887	3	3
484	484	  44.8850	3	3
485	485	  44.8859	3	3
486	486	  44.8877	3	3
487	487	  44.8861	3	3
488	488	  44.8901	3	3
489	489	  44.8896	3	3
49	49	  44.7029	3	3
490	490	  44.8917	3	3
491	491	  44.8879	3	3
492	492	  44.8898	3	3
493	493	  44.8855	3	3
494	494	  44.8840	3	3
495	495	  44.8881	3	3
496	496	  44.8888	3	3
497	497	  44.8837	3	3
498	498	  44.8827	3	3
499	499	  44.8843	3	3
5	5	  44.8121	3	3
50	50	  44.7021	3	3
500	500	  44.8801	3	3
501	501	  44.8819	3	3
502	502	  44.8777	3	3
503	503	  44.8813	3	3
504	504	  44.8782	3	3
505	505	  44.8806	3	3
506	506	  44.8808	3	3
507	507	  44.8784	3	3
508	508	  44.8763	3	3
509	509	  44.8749	3	3
51	51	  44.7027	3	3
510	510	  44.8809	3	3
511	511	  44.8742	3	3
512	512	  44.8768	3	3
513	513	  44.8730	3	3
514	514	  44.8744	3	3
515	515	  44.8743	3	3
516	516	  44.8754	3	3
517	517	  44.8740	3	3
518	518	  44.8820	3	3
519	519	  44.8795	3	3
52	52	  44.7012	3	3
520	520	  44.8724	3	3
521	521	  44.8727	3	3
522	522	  44.8682	3	3
523	523	  44.8797	3	3
524	524	  44.8684	3	3
525	525	  44.8829	3	3
526	526	  44.8703	3	3
527	527	  44.8708	3	3
528	528	  44.8699	3	3
529	529	  44.8694	3	3
53	53	  44.7004	3	3
530	530	  44.8823	3	3
531	531	  44.8662	3	3
532	532	  44.8692	3	3
533	533	  44.8673	3	3
534	534	  44.8763	3	3
535	535	  44.8684	3	3
536	536	  44.8672	3	3
537	537	  44.8652	3	3
538	538	  44.8695	3	3
539	539	  44.8747	3	3
54	54	  44.7026	3	3
540	540	  44.8723	3	3
541	541	  44.8423	3	3
542	542	  44.8668	3	3
543	543	  44.8653	3	3
544	544	  44.8698	3	3
545	545	  44.8680	3	3
546	546	  44.8628	3	3
547	547	  44.8648	3	3
548	548	  44.8688	3	3
549	549	  44.8599	3	3
55	55	  44.7001	3	3
550	550	  44.8623	3	3
551	551	  44.8641	3	3
552	552	  44.8603	3	3
553	553	  44.8628	3	3
554	554	  44.8616	3	3
555	555	  44.8648	3	3
556	556	  44.8630	3	3
557	557	  44.8627	3	3
558	558	  44.8585	3	3
559	559	  44.8567	3	3
56	56	  44.7005	3	3
560	560	  44.8690	3	3
561	561	  44.8631	3	3
562	562	  44.8652	3	3
563	563	  44.8569	3	3
564	564	  44.8599	3	3
565	565	  44.8581	3	3
566	566	  44.8623	3	3
567	567	  44.8589	3	3
568	568	  44.8533	3	3
569	569	  44.8464	3	3
57	57	  44.6125	3	3
570	570	  44.8553	3	3
571	571	  44.8617	3	3
572	572	  44.8541	3	3
573	573	  44.8485	3	3
574	574	  44.8584	3	3
575	575	  44.8530	3	3
576	576	  44.8557	3	3
577	577	  44.8455	3	3
578	578	  44.8558	3	3
579	579	  44.8507	3	3
58	58	  44.6226	3	3
580	580	  44.8560	3	3
581	581	  44.8507	3	3
582	582	  44.8509	3	3
583	583	  44.8545	3	3
584	584	  44.8466	3	3
585	585	  44.8529	3	3
586	586	  44.8481	3	3
587	587	  44.8502	3	3
588	588	  44.8521	3	3
589	589	  44.8435	3	3
59	59	  44.6208	3	3
590	590	  44.8484	3	3
591	591	  44.8461	3	3
592	592	  44.8414	3	3
593	593	  44.8442	3	3
594	594	  44.8444	3	3
595	595	  44.8398	3	3
596	596	  44.8431	3	3
597	597	  44.8435	3	3
598	598	  44.8424	3	3
599	599	  44.8298	3	3
6	6	  44.8154	3	3
60	60	  44.6182	3	3
600	600	  44.8452	3	3
601	601	  44.8406	3	3
602	602	  44.8384	3	3
603	603	  44.8459	3	3
604	604	  44.8411	3	3
605	605	  44.8340	3	3
606	606	  44.8423	3	3
607	607	  44.8351	3	3
608	608	  44.8404	3	3
609	609	  44.8407	3	3
61	61	  44.8193	3	3
610	610	  44.8434	3	3
611	611	  44.8388	3	3
612	612	  44.8306	3	3
613	613	  44.8395	3	3
614	614	  44.8360	3	3
615	615	  44.8326	3	3
616	616	  44.8281	3	3
617	617	  44.8266	3	3
618	618	  44.8360	3	3
619	619	  44.8324	3	3
62	62	  44.8210	3	3
620	620	  44.8272	3	3
621	621	  44.8261	3	3
622	622	  44.8347	3	3
623	623	  44.8323	3	3
624	624	  44.8271	3	3
625	625	  44.8322	3	3
626	626	  44.8298	3	3
627	627	  44.8304	3	3
628	628	  44.8303	3	3
629	629	  44.8307	3	3
63	63	  44.8203	3	3
630	630	  44.8228	3	3
631	631	  44.8293	3	3
632	632	  44.8224	3	3
633	633	  44.8285	3	3
634	634	  44.8233	3	3
635	635	  44.8252	3	3
636	636	  44.8280	3	3
637	637	  44.8266	3	3
638	638	  44.8229	3	3
639	639	  44.8277	3	3
64	64	  44.8207	3	3
640	640	  44.8259	3	3
641	641	  44.8285	3	3
642	642	  44.8269	3	3
643	643	  44.8265	3	3
644	644	  44.8263	3	3
645	645	  44.8239	3	3
646	646	  44.8229	3	3
647	647	  44.8162	3	3
648	648	  44.8248	3	3
649	649	  44.8232	3	3
65	65	  44.8205	3	3
650	650	  44.8187	3	3
651	651	  44.8168	3	3
652	652	  44.8188	3	3
653	653	  44.8143	3	3
654	654	  44.8243	3	3
655	655	  44.8171	3	3
656	656	  44.8222	3	3
657	657	  44.8092	3	3
658	658	  44.8156	3	3
659	659	  44.8090	3	3
66	66	  44.8126	3	3
660	660	  44.8056	3	3
661	661	  44.8115	3	3
662	662	  44.8064	3	3
663	663	  44.8097	3	3
664	664	  44.8096	3	3
665	665	  44.8072	3	3
666	666	  44.8124	3	3
667	667	  44.8104	3	3
668	668	  44.8088	3	3
669	669	  44.8023	3	3
67	67	  44.8217	3	3
670	670	  44.8119	3	3
671	671	  44.8128	3	3
672	672	  44.8052	3	3
673	673	  44.8062	3	3
674	674	  44.8136	3	3
675	675	  44.8086	3	3
676	676	  44.8082	3	3
677	677	  44.8085	3	3
678	678	  44.8035	3	3
679	679	  44.8055	3	3
68	68	  44.8196	3	3
680	680	  44.8074	3	3
681	681	  44.7989	3	3
682	682	  44.8091	3	3
683	683	  44.8070	3	3
684	684	  44.8079	3	3
685	685	  44.8045	3	3
686	686	  44.8052	3	3
687	687	  44.8036	3	3
688	688	  44.8060	3	3
689	689	  44.8070	3	3
69	69	  44.8188	3	3
690	690	  44.7983	3	3
691	691	  44.8076	3	3
692	692	  44.8018	3	3
693	693	  44.8062	3	3
694	694	  44.8070	3	3
695	695	  44.8016	3	3
696	696	  44.8035	3	3
697	697	  44.8006	3	3
698	698	  44.8009	3	3
699	699	  44.7983	3	3
7	7	  44.8111	3	3
70	70	  44.8192	3	3
700	700	  44.8037	3	3
701	701	  44.7904	3	3
702	702	  44.8010	3	3
703	703	  44.8048	3	3
704	704	  44.7977	3	3
705	705	  44.7950	3	3
706	706	  44.7944	3	3
707	707	  44.7952	3	3
708	708	  44.7927	3	3
709	709	  44.7202	3	3
71	71	  44.8185	3	3
710	710	  44.7186	3	3
711	711	  44.7188	3	3
712	712	  44.7212	3	3
713	713	  44.7217	3	3
714	714	  44.7216	3	3
715	715	  44.7208	3	3
716	716	  44.7200	3	3
717	717	  44.7199	3	3
718	718	  44.7213	3	3
719	719	  44.7149	3	3
72	72	  44.8120	3	3
720	720	  44.7205	3	3
721	721	  44.7151	3	3
722	722	  44.7147	3	3
723	723	  44.7163	3	3
724	724	  44.6876	3	3
725	725	  44.6744	3	3
726	726	  44.6561	3	3
727	727	  44.6542	3	3
728	728	  44.6567	3	3
729	729	  44.6550	3	3
73	73	  44.8162	3	3
730	730	  44.6544	3	3
731	731	  44.6541	3	3
732	732	  44.6562	3	3
733	733	  44.6574	3	3
734	734	  44.6538	3	3
735	735	  44.6554	3	3
736	736	  44.6538	3	3
737	737	  44.6542	3	3
738	738	  44.6580	3	3
739	739	  44.6567	3	3
74	74	  44.8144	3	3
740	740	  44.6540	3	3
741	741	  44.6539	3	3
742	742	  44.6418	3	3
743	743	  44.6506	3	3
744	744	  44.6535	3	3
745	745	  44.7982	3	3
746	746	  44.7947	3	3
747	747	  44.7943	3	3
748	748	  44.8010	3	3
749	749	  44.7975	3	3
75	75	  44.8138	3	3
750	750	  44.7968	3	3
751	751	  44.7872	3	3
752	752	  44.7958	3	3
753	753	  44.7937	3	3
754	754	  44.7996	3	3
755	755	  44.7914	3	3
756	756	  44.7936	3	3
757	757	  44.7958	3	3
758	758	  44.7984	3	3
759	759	  44.7895	3	3
76	76	  44.8164	3	3
760	760	  44.7953	3	3
761	761	  44.7924	3	3
762	762	  44.7819	3	3
763	763	  44.7906	3	3
764	764	  44.7847	3	3
765	765	  44.7803	3	3
766	766	  44.7859	3	3
767	767	  44.7856	3	3
768	768	  44.7800	3	3
769	769	  44.7817	3	3
77	77	  44.7428	3	3
770	770	  44.7813	3	3
771	771	  44.7741	3	3
772	772	  44.7822	3	3
773	773	  44.7789	3	3
774	774	  44.7761	3	3
775	775	  44.7785	3	3
776	776	  44.7750	3	3
777	777	  44.7799	3	3
778	778	  44.7745	3	3
779	779	  44.7791	3	3
78	78	  44.7484	3	3
780	780	  44.7799	3	3
781	781	  44.7754	3	3
782	782	  44.7750	3	3
783	783	  44.7762	3	3
784	784	  44.7774	3	3
785	785	  44.7765	3	3
786	786	  44.7676	3	3
787	787	  44.7749	3	3
788	788	  44.7727	3	3
789	789	  44.7728	3	3
79	79	  44.7457	3	3
790	790	  44.7701	3	3
791	791	  44.7727	3	3
792	792	  44.7741	3	3
793	793	  44.7713	3	3
794	794	  44.7687	3	3
795	795	  44.7732	3	3
796	796	  44.7695	3	3
797	797	  44.7717	3	3
798	798	  44.7701	3	3
799	799	  44.7691	3	3
8	8	  44.8119	3	3
80	80	  44.7392	3	3
800	800	  44.7692	3	3
801	801	  44.7727	3	3
802	802	  44.7611	3	3
803	803	  44.7689	3	3
804	804	  44.7708	3	3
805	805	  44.7695	3	3
806	806	  44.7670	3	3
807	807	  44.7649	3	3
808	808	  44.7663	3	3
809	809	  44.7683	3	3
81	81	  44.7458	3	3
810	810	  44.7668	3	3
811	811	  44.7651	3	3
812	812	  44.7640	3	3
813	813	  44.7679	3	3
814	814	  44.7683	3	3
815	815	  44.7646	3	3
816	816	  44.7668	3	3
817	817	  44.7655	3	3
818	818	  44.7645	3	3
819	819	  44.7565	3	3
82	82	  44.7464	3	3
820	820	  44.7489	3	3
821	821	  44.7562	3	3
822	822	  44.7533	3	3
823	823	  44.7535	3	3
824	824	  44.7573	3	3
825	825	  44.7568	3	3
826	826	  44.7569	3	3
827	827	  44.7599	3	3
828	828	  44.7535	3	3
829	829	  44.7530	3	3
83	83	  44.7441	3	3
830	830	  44.7548	3	3
831	831	  44.7519	3	3
832	832	  44.7463	3	3
833	833	  44.7521	3	3
834	834	  44.7523	3	3
835	835	  44.7514	3	3
836	836	  44.7510	3	3
837	837	  44.7514	3	3
838	838	  44.7474	3	3
839	839	  44.7489	3	3
84	84	  44.7440	3	3
840	840	  44.7496	3	3
841	841	  44.7516	3	3
842	842	  44.7502	3	3
843	843	  44.7495	3	3
844	844	  44.7488	3	3
845	845	  44.7494	3	3
846	846	  44.7448	3	3
847	847	  44.7503	3	3
848	848	  44.7445	3	3
849	849	  44.7359	3	3
85	85	  44.7462	3	3
850	850	  44.7388	3	3
851	851	  44.7357	3	3
852	852	  44.7342	3	3
853	853	  44.7357	3	3
854	854	  44.7343	3	3
855	855	  44.7385	3	3
856	856	  44.7372	3	3
857	857	  44.7298	3	3
858	858	  44.7371	3	3
859	859	  44.7338	3	3
86	86	  44.7433	3	3
860	860	  44.7364	3	3
861	861	  44.7306	3	3
862	862	  44.7370	3	3
863	863	  44.7332	3	3
864	864	  44.7297	3	3
865	865	  44.7328	3	3
866	866	  44.7273	3	3
867	867	  44.7312	3	3
868	868	  44.7307	3	3
869	869	  44.7343	3	3
87	87	  44.5917	3	3
870	870	  44.7333	3	3
871	871	  44.7290	3	3
872	872	  44.7303	3	3
873	873	  44.7326	3	3
874	874	  44.7290	3	3
875	875	  44.7296	3	3
876	876	  44.7239	3	3
877	877	  44.7276	3	3
878	878	  44.7289	3	3
879	879	  44.7274	3	3
88	88	  44.5889	3	3
880	880	  44.7310	3	3
881	881	  44.7296	3	3
882	882	  44.7170	3	3
883	883	  44.7230	3	3
884	884	  44.7302	3	3
885	885	  44.7302	3	3
886	886	  44.7292	3	3
887	887	  44.7241	3	3
888	888	  44.7271	3	3
889	889	  44.7280	3	3
89	89	  44.5920	3	3
890	890	  44.7253	3	3
891	891	  44.7234	3	3
892	892	  44.7267	3	3
893	893	  44.7148	3	3
894	894	  44.7285	3	3
895	895	  44.7272	3	3
896	896	  44.7270	3	3
897	897	  44.7275	3	3
898	898	  44.7294	3	3
899	899	  44.7244	3	3
9	9	  44.8117	3	3
90	90	  44.5901	3	3
900	900	  44.7269	3	3
901	901	  44.7227	3	3
902	902	  44.7233	3	3
903	903	  44.7236	3	3
904	904	  44.7256	3	3
905	905	  44.7199	3	3
906	906	  44.7249	3	3
907	907	  44.7227	3	3
908	908	  44.7270	3	3
909	909	  44.7195	3	3
91	91	  44.5886	3	3
910	910	  44.7210	3	3
911	911	  44.7235	3	3
912	912	  44.7157	3	3
913	913	  44.7226	3	3
914	914	  44.7239	3	3
915	915	  44.7246	3	3
916	916	  44.7240	3	3
917	917	  44.7230	3	3
918	918	  44.7186	3	3
919	919	  44.7197	3	3
92	92	  44.5885	3	3
920	920	  44.7121	3	3
921	921	  44.7114	3	3
922	922	  44.7187	3	3
923	923	  44.7150	3	3
924	924	  44.7176	3	3
925	925	  44.7176	3	3
926	926	  44.7178	3	3
927	927	  44.7177	3	3
928	928	  44.7082	3	3
929	929	  44.7154	3	3
93	93	  44.5854	3	3
930	930	  44.7135	3	3
931	931	  44.7163	3	3
932	932	  44.7122	3	3
933	933	  44.7105	3	3
934	934	  44.7154	3	3
935	935	  44.7093	3	3
936	936	  44.7093	3	3
937	937	  44.7172	3	3
938	938	  44.7154	3	3
939	939	  44.7147	3	3
94	94	  44.5875	3	3
940	940	  44.7120	3	3
941	941	  44.7131	3	3
942	942	  44.7141	3	3
943	943	  44.7151	3	3
944	944	  44.7096	3	3
945	945	  44.7083	3	3
946	946	  44.7078	3	3
947	947	  44.7134	3	3
948	948	  44.7072	3	3
949	949	  44.7083	3	3
95	95	  44.5852	3	3
950	950	  44.7128	3	3
951	951	  44.7128	3	3
952	952	  44.7074	3	3
953	953	  44.7024	3	3
954	954	  44.7121	3	3
955	955	  44.7105	3	3
956	956	  44.7077	3	3
957	957	  44.7101	3	3
958	958	  44.7116	3	3
959	959	  44.7072	3	3
96	96	  44.9808	3	3
960	960	  44.7089	3	3
961	961	  44.7075	3	3
962	962	  44.7025	3	3
963	963	  44.7110	3	3
964	964	  44.7114	3	3
965	965	  44.7031	3	3
966	966	  44.7106	3	3
967	967	  44.7033	3	3
968	968	  44.7025	3	3
969	969	  44.7094	3	3
97	97	  44.9843	3	3
970	970	  44.7065	3	3
971	971	  44.7090	3	3
972	972	  44.7071	3	3
973	973	  44.7009	3	3
974	974	  44.7053	3	3
975	975	  44.7060	3	3
976	976	  44.7059	3	3
977	977	  44.7075	3	3
978	978	  44.6945	3	3
979	979	  44.7053	3	3
98	98	  44.9846	3	3
980	980	  44.7011	3	3
981	981	  44.7002	3	3
982	982	  44.7036	3	3
983	983	  44.7028	3	3
984	984	  44.7034	3	3
985	985	  44.7011	3	3
986	986	  44.7026	3	3
987	987	  44.7016	3	3
988	988	  44.7032	3	3
989	989	  44.7037	3	3
99	99	  44.9832	3	3
990	990	  44.7024	3	3
991	991	  44.6971	3	3
992	992	  44.7010	3	3
993	993	  44.7038	3	3
994	994	  44.7032	3	3
995	995	  44.6852	3	3
996	996	  44.6813	3	3
997	997	  44.6851	3	3
998	998	  44.6884	3	3
999	999	  44.6861	3	3
